ASC_CAR = -0.15463267198926417
ASC_TRAIN = -0.701187284943643
B_COST = -1.0837900371207707
B_INCOME = 0.0
B_TIME = -1.2778589565196687
