ASC_CAR = -0.1546326719892643
ASC_TRAIN = -0.7011872849436432
B_COST = -1.0837900371207705
B_INCOME = 4.966902922783018e-16
B_TIME = -1.2778589565196683
